2000,
3002,
3994,
4997,
5997,
6000,
6497,
6997,
6997,
7494,
7994,
7997,
8497,
8994,
9000,
9497,
9997,
9997,
10000,
10494,
10497,
10992,
10994,
10997,
11497,
11997,
11997,
11997,
12494,
12497,
12994,
12994,
12997,
13494,
13992,
13992,
13992,
13997,
14247,
14489,
14494,
14494,
14744,
14994,
14994,
14997,
15000,
15489,
15500,
15994,
15994,
15994,
15997,
16244,
16492,
16494,
16494,
16742,
16994,
16997,
16997,
17000,
17494,
17497,
17994,
17997,
17997,
18000,
18247,
18492,
18497,
18497,
18742,
18992,
18994,
19000,
19000,
19494,
19994,
19994,
19997,
20000,
20242,
20489,
20492,
20497,
20742,
20989,
20992,
20994,
21002,
21492,
21994,
21997,
21997,
21997,
22244,
22494,
22497,
22497,
22744,
22994,
22994,
23000,
23000,
23494,
23494,
23994,
23994,
23994,
23997,
24244,
24489,
24494,
24500,
24744,
24994,
24997,
24997,
25000,
25494,
25500,
25997,
26000,
26000,
26002,
26500,
26500,
26500,
26997,
27000,
27002,
27002,
27502,
27997,
28000,
28000,
28000,
28497,
28500,
28500,
28997,
29000,
29000,
29000,
29500,
29994,
29997,
29997,
29997,
30244,
30492,
30494,
30497,
30742,
30994,
30997,
30997,
31000,
31494,
31497,
31994,
31997,
31997,
32000,
32244,
32494,
32494,
32500,
32742,
32997,
32997,
33000,
33002,
33492,
33500,
33994,
33994,
33997,
33997,
34244,
34494,
34497,
34497,
34747,
34994,
35000,
35000,
35000,
35500,
35992,
35994,
35994,
36000,
36244,
36494,
36494,
36502,
36744,
36994,
37000,
37005,
37007,
37497,
37997,
38000,
38005,
38247,
38497,
38505,
38747,
38997,
38997,
39000,
39494,
39997,
40000,
40000,
40247,
40494,
40502,
40744,
40994,
40997,
40997,
41497,
41994,
42002,
42500,
42997,
43000,
43997,
44000,
44502,
44994,
44997,
45994,
45994,
46000,
46250,
46333,
46416,
46492,
46500,
46750,
46833,
46916,
46994,
46994,
47000,
47250,
47333,
47416,
47497,
47500,
47666,
47750,
47916,
47994,
47994,
48000,
48250,
48333,
48416,
48489,
48500,
48750,
48833,
48916,
48994,
48997,
49000,
49250,
49333,
49416,
49494,
49500,
49666,
49750,
49916,
49994,
49994,
49997,
50000,
50250,
50333,
50416,
50494,
50494,
50500,
50750,
50833,
50916,
50994,
50997,
51000,
51000,
51250,
51333,
51416,
51497,
51500,
51666,
51750,
51916,
51997,
52000,
52000,
52000,
52250,
52333,
52416,
52494,
52494,
52500,
52750,
52833,
52916,
52994,
52997,
53000,
53000,
53250,
53333,
53416,
53494,
53500,
53666,
53750,
53916,
53994,
53994,
53997,
53997,
54000,
54244,
54250,
54333,
54416,
54492,
54494,
54494,
54500,
54744,
54750,
54833,
54916,
54994,
54994,
54997,
55000,
55000,
55250,
55333,
55416,
55492,
55497,
55500,
55666,
55750,
55916,
55992,
55992,
55994,
56000,
56000,
56239,
56250,
56333,
56416,
56486,
56489,
56494,
56500,
56739,
56750,
56833,
56916,
56989,
56994,
56994,
57000,
57002,
57250,
57333,
57416,
57494,
57497,
57500,
57666,
57750,
57916,
57997,
57997,
58000,
58000,
58002,
58244,
58250,
58333,
58416,
58494,
58494,
58497,
58500,
58744,
58750,
58833,
58916,
58994,
58997,
59000,
59000,
59002,
59250,
59333,
59416,
59497,
59500,
59666,
59750,
59916,
59994,
59997,
60000,
60000,
60000,
60244,
60250,
60333,
60416,
60492,
60494,
60497,
60500,
60739,
60750,
60833,
60916,
60994,
60997,
60997,
61000,
61000,
61250,
61333,
61416,
61492,
61500,
61666,
61750,
61916,
61992,
61992,
62000,
62000,
62000,
62244,
62250,
62333,
62416,
62494,
62494,
62494,
62500,
62744,
62750,
62833,
62916,
62994,
62994,
62997,
62997,
63000,
63250,
63333,
63416,
63497,
63500,
63500,
63666,
63750,
63916,
64000,
64000,
64000,
64000,
64005,
64247,
64250,
64333,
64416,
64494,
64497,
64500,
64502,
64744,
64750,
64833,
64916,
64997,
64997,
64997,
65000,
65000,
65250,
65333,
65416,
65497,
65497,
65500,
65666,
65750,
65916,
65994,
66000,
66000,
66000,
66000,
66250,
66333,
66416,
66494,
66500,
66500,
66500,
66750,
66833,
66916,
66997,
66997,
67000,
67000,
67005,
67250,
67333,
67416,
67500,
67500,
67666,
67750,
67916,
67997,
68000,
68000,
68000,
68002,
68250,
68333,
68416,
68492,
68494,
68500,
68502,
68750,
68833,
68916,
68994,
68997,
68997,
69000,
69002,
69250,
69333,
69416,
69494,
69494,
69500,
69666,
69750,
69916,
69992,
69994,
69994,
70000,
70000,
70250,
70250,
70333,
70416,
70492,
70492,
70500,
70500,
70744,
70750,
70833,
70916,
70997,
71000,
71000,
71000,
71000,
71250,
71333,
71416,
71497,
71500,
71502,
71666,
71750,
71916,
71994,
71994,
71997,
72000,
72002,
72244,
72250,
72333,
72416,
72492,
72494,
72497,
72500,
72739,
72750,
72833,
72916,
72994,
72997,
73000,
73000,
73000,
73250,
73333,
73416,
73494,
73497,
73500,
73666,
73750,
73916,
73992,
73994,
73994,
73997,
74000,
74242,
74250,
74333,
74416,
74489,
74494,
74494,
74500,
74739,
74750,
74833,
74916,
74992,
74997,
75000,
75000,
75000,
75250,
75333,
75416,
75494,
75500,
75666,
75750,
75916,
75992,
75997,
76000,
76000,
76000,
76002,
76244,
76250,
76333,
76416,
76492,
76497,
76497,
76500,
76739,
76750,
76833,
76916,
76994,
76997,
76997,
76997,
77000,
77250,
77333,
77416,
77497,
77500,
77666,
77750,
77916,
78000,
78000,
78000,
78000,
78247,
78250,
78333,
78416,
78497,
78500,
78500,
78744,
78750,
78833,
78916,
78997,
79000,
79000,
79000,
79250,
79333,
79416,
79497,
79500,
79666,
79750,
79916,
79997,
80000,
80000,
80000,
80244,
80250,
80333,
80416,
80494,
80497,
80500,
80742,
80750,
80833,
80916,
80992,
80997,
81000,
81000,
81250,
81333,
81416,
81494,
81500,
81666,
81750,
81916,
81997,
82000,
82000,
82250,
82333,
82416,
82500,
82500,
82750,
82833,
82916,
82994,
83000,
83000,
83250,
83333,
83416,
83500,
83666,
83750,
83916,
83997,
84000,
84000,
84250,
84333,
84416,
84500,
84500,
84750,
84833,
84916,
84994,
85000,
85000,
85250,
85333,
85416,
85500,
85666,
85750,
85916,
86000,
86002,
86250,
86333,
86416,
86500,
86750,
86833,
86916,
87000,
87007,
87250,
87333,
87416,
87500,
87666,
87750,
87916,
88000,
88005,
88250,
88333,
88416,
88500,
88750,
88833,
88916,
89000,
89000,
89250,
89333,
89416,
89500,
89666,
89750,
89916,
90000,
90000,
90250,
90333,
90416,
90500,
90750,
90833,
90916,
91000,
91000,
91250,
91333,
91416,
91500,
91666,
91750,
91916,
92000,
92000,
92250,
92333,
92416,
92500,
92750,
92833,
92916,
93000,
93000,
93250,
93333,
93416,
93500,
93666,
93750,
93916,
94000,
94002,
94250,
94333,
94416,
94500,
94750,
94833,
94916,
95000,
95000,
95250,
95333,
95416,
95500,
95666,
95750,
95916,
96000,
96000,
96250,
96333,
96416,
96500,
96750,
96833,
96916,
97000,
97000,
97250,
97333,
97416,
97500,
97666,
97750,
97916,
98000,
98002,
98250,
98333,
98416,
98500,
98750,
98833,
98916,
98994,
99000,
99250,
99333,
99416,
99500,
99666,
99750,
99916,
99997,
100000,
100250,
100333,
100416,
100500,
100750,
100833,
100916,
100997,
101000,
101250,
101333,
101416,
101500,
101666,
101750,
101916,
102000,
102002,
102250,
102333,
102416,
102500,
102750,
102833,
102916,
103000,
103005,
103250,
103333,
103416,
103500,
103666,
103750,
103916,
103997,
104000,
104250,
104333,
104416,
104500,
104750,
104833,
104916,
105000,
105000,
105250,
105333,
105416,
105500,
105666,
105750,
105916,
106000,
106000,
106250,
106333,
106416,
106500,
106750,
106833,
106916,
107000,
107000,
107250,
107333,
107416,
107500,
107666,
107750,
107916,
107997,
